-1.0, 0.0, 0.0
-0.9797979797979798, 0.001999795939189879, 0.0009998979695949395
-0.9595959595959596, 0.003958779716355475, 0.0019793898581777374
-0.9393939393939394, 0.005876951331496787, 0.0029384756657483933
-0.9191919191919192, 0.007754310784613817, 0.0038771553923069085
-0.898989898989899, 0.009590858075706563, 0.004795429037853282
-0.8787878787878788, 0.011386593204775024, 0.005693296602387512
-0.8585858585858586, 0.013141516171819204, 0.006570758085909602
-0.8383838383838383, 0.014855626976839101, 0.007427813488419551
-0.8181818181818181, 0.016528925619834715, 0.008264462809917357
-0.797979797979798, 0.018161412100806046, 0.009080706050403023
-0.7777777777777778, 0.01975308641975309, 0.009876543209876545
-0.7575757575757576, 0.021303948576675853, 0.010651974288337926
-0.7373737373737373, 0.02281399857157433, 0.011406999285787166
-0.7171717171717171, 0.02428323640444853, 0.012141618202224265
-0.696969696969697, 0.025711662075298437, 0.012855831037649219
-0.6767676767676767, 0.027099275584124075, 0.013549637792062037
-0.6565656565656566, 0.02844607693092542, 0.01422303846546271
-0.6363636363636364, 0.029752066115702483, 0.014876033057851241
-0.6161616161616161, 0.03101724313845526, 0.01550862156922763
-0.5959595959595959, 0.03224160799918376, 0.01612080399959188
-0.5757575757575757, 0.03342516069788797, 0.016712580348943986
-0.5555555555555556, 0.034567901234567905, 0.017283950617283952
-0.5353535353535352, 0.035669829609223554, 0.017834914804611777
-0.5151515151515151, 0.03673094582185492, 0.01836547291092746
-0.4949494949494949, 0.037751249872462, 0.018875624936231
-0.4747474747474747, 0.038730741761044796, 0.019365370880522398
-0.4545454545454545, 0.039669421487603315, 0.019834710743801658
-0.43434343434343425, 0.04056728905213754, 0.02028364452606877
-0.41414141414141414, 0.04142434445464749, 0.020712172227323744
-0.3939393939393939, 0.04224058769513315, 0.021120293847566574
-0.3737373737373737, 0.043016018773594525, 0.021508009386797262
-0.3535353535353535, 0.04375063769003164, 0.02187531884501582
-0.33333333333333326, 0.04444444444444445, 0.022222222222222227
-0.31313131313131304, 0.045097439036832984, 0.022548719518416492
-0.2929292929292928, 0.04570962146719723, 0.022854810733598616
-0.2727272727272727, 0.046280991735537194, 0.023140495867768597
-0.2525252525252525, 0.04681154984185287, 0.023405774920926437
-0.23232323232323226, 0.04730129578614427, 0.023650647893072134
-0.21212121212121204, 0.04775022956841139, 0.023875114784205696
-0.19191919191919182, 0.048158351188654226, 0.024079175594327113
-0.1717171717171716, 0.048525660646872776, 0.024262830323436388
-0.1515151515151515, 0.048852157943067034, 0.024426078971533517
-0.13131313131313127, 0.04913784307723701, 0.024568921538618504
-0.11111111111111105, 0.04938271604938273, 0.024691358024691364
-0.09090909090909083, 0.04958677685950414, 0.02479338842975207
-0.07070707070707061, 0.04975002550760127, 0.024875012753800635
-0.050505050505050386, 0.049872461993674115, 0.024936230996837058
-0.030303030303030276, 0.04995408631772269, 0.024977043158861345
-0.010101010101010055, 0.04999489847974697, 0.024997449239873484
0.010101010101010166, 0.04999489847974697, 0.024997449239873484
0.030303030303030498, 0.04995408631772268, 0.02497704315886134
0.05050505050505061, 0.049872461993674115, 0.024936230996837058
0.07070707070707072, 0.04975002550760127, 0.024875012753800635
0.09090909090909105, 0.049586776859504134, 0.024793388429752067
0.11111111111111116, 0.04938271604938272, 0.02469135802469136
0.1313131313131315, 0.049137843077237016, 0.024568921538618508
0.1515151515151516, 0.048852157943067034, 0.024426078971533517
0.1717171717171717, 0.04852566064687277, 0.024262830323436384
0.19191919191919204, 0.04815835118865422, 0.02407917559432711
0.21212121212121215, 0.047750229568411386, 0.023875114784205693
0.2323232323232325, 0.04730129578614427, 0.023650647893072134
0.2525252525252526, 0.04681154984185287, 0.023405774920926437
0.27272727272727293, 0.04628099173553719, 0.023140495867768594
0.29292929292929304, 0.045709621467197224, 0.022854810733598612
0.31313131313131315, 0.04509743903683298, 0.02254871951841649
0.3333333333333335, 0.04444444444444444, 0.02222222222222222
0.3535353535353536, 0.04375063769003163, 0.021875318845015815
0.3737373737373739, 0.043016018773594525, 0.021508009386797262
0.39393939393939403, 0.04224058769513315, 0.021120293847566574
0.41414141414141437, 0.041424344454647474, 0.020712172227323737
0.4343434343434345, 0.04056728905213754, 0.02028364452606877
0.4545454545454546, 0.03966942148760331, 0.019834710743801654
0.4747474747474749, 0.03873074176104478, 0.01936537088052239
0.49494949494949503, 0.03775124987246199, 0.018875624936230996
0.5151515151515154, 0.036730945821854905, 0.018365472910927452
0.5353535353535355, 0.03566982960922355, 0.017834914804611773
0.5555555555555556, 0.034567901234567905, 0.017283950617283952
0.5757575757575759, 0.033425160697887965, 0.016712580348943983
0.595959595959596, 0.032241607999183755, 0.016120803999591878
0.6161616161616164, 0.031017243138455247, 0.015508621569227624
0.6363636363636365, 0.029752066115702473, 0.014876033057851236
0.6565656565656568, 0.028446076930925403, 0.014223038465462702
0.6767676767676769, 0.02709927558412406, 0.01354963779206203
0.696969696969697, 0.025711662075298437, 0.012855831037649219
0.7171717171717173, 0.024283236404448513, 0.012141618202224256
0.7373737373737375, 0.022813998571574325, 0.011406999285787162
0.7575757575757578, 0.021303948576675835, 0.010651974288337918
0.7777777777777779, 0.019753086419753076, 0.009876543209876538
0.7979797979797982, 0.018161412100806018, 0.009080706050403009
0.8181818181818183, 0.016528925619834704, 0.008264462809917352
0.8383838383838385, 0.014855626976839093, 0.007427813488419546
0.8585858585858588, 0.013141516171819183, 0.006570758085909591
0.8787878787878789, 0.011386593204775017, 0.005693296602387508
0.8989898989898992, 0.009590858075706539, 0.0047954290378532695
0.9191919191919193, 0.007754310784613798, 0.003877155392306899
0.9393939393939394, 0.00587695133149678, 0.00293847566574839
0.9595959595959598, 0.003958779716355457, 0.0019793898581777283
0.9797979797979799, 0.0019997959391898704, 0.0009998979695949352
1.0, 0.0, 0.0

-1.0, 0.0, 0.0
-0.9878991939598001, 0.006050403020099991, 0.009101112131415165
-0.9758392000816243, 0.01208039995918784, 0.018222630343842472
-0.9638200183654729, 0.01808999081726355, 0.027364554637281917
-0.9518416488113458, 0.024079175594327117, 0.036526885011733505
-0.9399040914192429, 0.03004795429037854, 0.04570962146719724
-0.9280073461891644, 0.03599632690541782, 0.05491276400367311
-0.9161514131211101, 0.04192429343944497, 0.06413631262116112
-0.90433629221508, 0.04783185389245997, 0.07338026731966128
-0.8925619834710743, 0.05371900826446282, 0.08264462809917357
-0.880828486889093, 0.05958575655545354, 0.09192939495969801
-0.8691358024691358, 0.06543209876543211, 0.1012345679012346
-0.8574839302112028, 0.07125803489439854, 0.11056014692378331
-0.8458728701152943, 0.07706356494235284, 0.11990613202734418
-0.8343026221814099, 0.082848688909295, 0.12927252321191718
-0.82277318640955, 0.08861340679522499, 0.13865932047750232
-0.8112845627997143, 0.09435771860014287, 0.14806652382409963
-0.7998367513519029, 0.10008162432404859, 0.15749413325170905
-0.7884297520661157, 0.10578512396694217, 0.16694214876033062
-0.7770635649423527, 0.1114682175288236, 0.17641057034996432
-0.7657381899806143, 0.11713090500969292, 0.18589939802061017
-0.7544536271808998, 0.12277318640955005, 0.19540863177226817
-0.7432098765432098, 0.12839506172839507, 0.2049382716049383
-0.7320069380675441, 0.13399653096622796, 0.21448831751862057
-0.7208448117539026, 0.13957759412304868, 0.22405876951331502
-0.7097234976022855, 0.1451382511988573, 0.23364962758902158
-0.6986429956126926, 0.15067850219365375, 0.24326089174574028
-0.6876033057851239, 0.15619834710743807, 0.25289256198347115
-0.6766044281195794, 0.16169778594021023, 0.2625446383022141
-0.6656463626160596, 0.1671768186919702, 0.27221712070196924
-0.6547291092745637, 0.1726354453627181, 0.2819100091827365
-0.6438526680950922, 0.17807366595245386, 0.2916233037445159
-0.6330170390776451, 0.18349148046117747, 0.30135700438730745
-0.6222222222222221, 0.1888888888888889, 0.31111111111111117
-0.6114682175288235, 0.19426589123558824, 0.320885623915927
-0.6007550249974491, 0.19962248750127543, 0.330680542801755
-0.590082644628099, 0.20495867768595044, 0.3404958677685951
-0.5794510764207733, 0.21027446178961334, 0.3503315988164473
-0.5688603203754719, 0.21556983981226407, 0.3601877359453117
-0.5583103764921945, 0.2208448117539027, 0.3700642791551883
-0.5478012447709416, 0.22609937761452917, 0.37996122844607694
-0.537332925211713, 0.2313335373941435, 0.38987858381797785
-0.5269054178145087, 0.23654729109274564, 0.39981634527089077
-0.5165187225793285, 0.24174063871033574, 0.40977451280481586
-0.5061728395061728, 0.24691358024691362, 0.4197530864197531
-0.49586776859504117, 0.2520661157024794, 0.4297520661157025
-0.485603509845934, 0.257198245077033, 0.43977145189266403
-0.47538006325885107, 0.26230996837057446, 0.4498112437506377
-0.46519742883379245, 0.2674012855831038, 0.4598714416896235
-0.455055606570758, 0.27247219671462103, 0.46995204570962146
-0.44495459646974794, 0.27752270176512606, 0.48005305581063157
-0.43489439853076206, 0.28255280073461897, 0.4901744719926539
-0.4248750127538006, 0.2875624936230997, 0.5003162942556882
-0.41489643913886337, 0.29255178043056834, 0.5104785225997347
-0.40495867768595034, 0.29752066115702486, 0.5206611570247934
-0.3950617283950617, 0.30246913580246915, 0.5308641975308642
-0.38520559126619724, 0.3073972043669014, 0.5410876441179472
-0.3753902662993572, 0.31230486685032144, 0.5513314967860423
-0.3656157534945414, 0.31719212325272933, 0.5615957555351495
-0.3558820528517498, 0.32205897357412516, 0.5718804203652689
-0.34618916437098257, 0.32690541781450877, 0.5821854912764004
-0.3365370880522395, 0.33173145597388026, 0.5925109682685441
-0.32692582389552083, 0.3365370880522396, 0.6028568513416998
-0.31735537190082636, 0.34132231404958685, 0.6132231404958678
-0.3078257320681563, 0.3460871339659219, 0.6236098357310479
-0.2983369043975105, 0.3508315478012448, 0.6340169370472399
-0.2888888888888888, 0.3555555555555556, 0.6444444444444444
-0.2794816855422916, 0.3602591572288542, 0.654892357922661
-0.2701152943577185, 0.36494235282114074, 0.6653606774818897
-0.26078971533516987, 0.3696051423324151, 0.6758494031221304
-0.25150494847464533, 0.37424752576267734, 0.6863585348433834
-0.24226099377614524, 0.3788695031119274, 0.6968880726456483
-0.2330578512396694, 0.3834710743801653, 0.7074380165289256
-0.22389552086521777, 0.38805223956739116, 0.718008366493215
-0.2147740026527905, 0.3926129986736048, 0.7285991225385164
-0.20569329660238742, 0.39715335169880633, 0.7392102846648302
-0.19665340271400872, 0.40167329864299567, 0.7498418528721559
-0.18765432098765433, 0.40617283950617283, 0.7604938271604937
-0.1786960514233241, 0.410651974288338, 0.7711662075298439
-0.16977859402101825, 0.4151107029894909, 0.7818589939802061
-0.16090194878073658, 0.4195490256096317, 0.7925721865115805
-0.1520661157024793, 0.42396694214876035, 0.8033057851239669
-0.1432710947862462, 0.4283644526068769, 0.8140597898173656
-0.13451688603203749, 0.43274155698398126, 0.8248342005917764
-0.12580348943985306, 0.4370982552800735, 0.8356290174471992
-0.11713090500969282, 0.4414345474951536, 0.8464442403836344
-0.10849913274155695, 0.4457504336292215, 0.8572798694010816
-0.09990817263544527, 0.45004591368227737, 0.8681359044995409
-0.09135802469135798, 0.454320987654321, 0.8790123456790124
-0.08284868890929487, 0.45857565554535257, 0.8899091929394961
-0.07438016528925613, 0.46280991735537197, 0.9008264462809918
-0.06595245383124168, 0.46702377308437915, 0.9117641057034995
-0.057565554535251424, 0.4712172227323743, 0.9227221712070197
-0.04921946740128554, 0.4753902662993572, 0.933700642791552
-0.040914192429343854, 0.4795429037853281, 0.9446995204570964
-0.03264972961942653, 0.4836751351902867, 0.9557188042036526
-0.024426078971533496, 0.48778696051423326, 0.9667584940312214
-0.01624324048566466, 0.4918783797571677, 0.9778185899398022
-0.008101214161820185, 0.49594939291908985, 0.988899091929395
0.0, 0.5, 1.0

1.0, 0.0, 0.0
0.9878991939598001, 0.006050403020099991, 0.009101112131415165
0.9758392000816243, 0.01208039995918784, 0.018222630343842472
0.9638200183654729, 0.01808999081726355, 0.027364554637281917
0.9518416488113458, 0.024079175594327117, 0.036526885011733505
0.9399040914192429, 0.03004795429037854, 0.04570962146719724
0.9280073461891644, 0.03599632690541782, 0.05491276400367311
0.9161514131211101, 0.04192429343944497, 0.06413631262116112
0.90433629221508, 0.04783185389245997, 0.07338026731966128
0.8925619834710743, 0.05371900826446282, 0.08264462809917357
0.880828486889093, 0.05958575655545354, 0.09192939495969801
0.8691358024691358, 0.06543209876543211, 0.1012345679012346
0.8574839302112028, 0.07125803489439854, 0.11056014692378331
0.8458728701152943, 0.07706356494235284, 0.11990613202734418
0.8343026221814099, 0.082848688909295, 0.12927252321191718
0.82277318640955, 0.08861340679522499, 0.13865932047750232
0.8112845627997143, 0.09435771860014287, 0.14806652382409963
0.7998367513519029, 0.10008162432404859, 0.15749413325170905
0.7884297520661157, 0.10578512396694217, 0.16694214876033062
0.7770635649423527, 0.1114682175288236, 0.17641057034996432
0.7657381899806143, 0.11713090500969292, 0.18589939802061017
0.7544536271808998, 0.12277318640955005, 0.19540863177226817
0.7432098765432098, 0.12839506172839507, 0.2049382716049383
0.7320069380675441, 0.13399653096622796, 0.21448831751862057
0.7208448117539026, 0.13957759412304868, 0.22405876951331502
0.7097234976022855, 0.1451382511988573, 0.23364962758902158
0.6986429956126926, 0.15067850219365375, 0.24326089174574028
0.6876033057851239, 0.15619834710743807, 0.25289256198347115
0.6766044281195794, 0.16169778594021023, 0.2625446383022141
0.6656463626160596, 0.1671768186919702, 0.27221712070196924
0.6547291092745637, 0.1726354453627181, 0.2819100091827365
0.6438526680950922, 0.17807366595245386, 0.2916233037445159
0.6330170390776451, 0.18349148046117747, 0.30135700438730745
0.6222222222222221, 0.1888888888888889, 0.31111111111111117
0.6114682175288235, 0.19426589123558824, 0.320885623915927
0.6007550249974491, 0.19962248750127543, 0.330680542801755
0.590082644628099, 0.20495867768595044, 0.3404958677685951
0.5794510764207733, 0.21027446178961334, 0.3503315988164473
0.5688603203754719, 0.21556983981226407, 0.3601877359453117
0.5583103764921945, 0.2208448117539027, 0.3700642791551883
0.5478012447709416, 0.22609937761452917, 0.37996122844607694
0.537332925211713, 0.2313335373941435, 0.38987858381797785
0.5269054178145087, 0.23654729109274564, 0.39981634527089077
0.5165187225793285, 0.24174063871033574, 0.40977451280481586
0.5061728395061728, 0.24691358024691362, 0.4197530864197531
0.49586776859504117, 0.2520661157024794, 0.4297520661157025
0.485603509845934, 0.257198245077033, 0.43977145189266403
0.47538006325885107, 0.26230996837057446, 0.4498112437506377
0.46519742883379245, 0.2674012855831038, 0.4598714416896235
0.455055606570758, 0.27247219671462103, 0.46995204570962146
0.44495459646974794, 0.27752270176512606, 0.48005305581063157
0.43489439853076206, 0.28255280073461897, 0.4901744719926539
0.4248750127538006, 0.2875624936230997, 0.5003162942556882
0.41489643913886337, 0.29255178043056834, 0.5104785225997347
0.40495867768595034, 0.29752066115702486, 0.5206611570247934
0.3950617283950617, 0.30246913580246915, 0.5308641975308642
0.38520559126619724, 0.3073972043669014, 0.5410876441179472
0.3753902662993572, 0.31230486685032144, 0.5513314967860423
0.3656157534945414, 0.31719212325272933, 0.5615957555351495
0.3558820528517498, 0.32205897357412516, 0.5718804203652689
0.34618916437098257, 0.32690541781450877, 0.5821854912764004
0.3365370880522395, 0.33173145597388026, 0.5925109682685441
0.32692582389552083, 0.3365370880522396, 0.6028568513416998
0.31735537190082636, 0.34132231404958685, 0.6132231404958678
0.3078257320681563, 0.3460871339659219, 0.6236098357310479
0.2983369043975105, 0.3508315478012448, 0.6340169370472399
0.2888888888888888, 0.3555555555555556, 0.6444444444444444
0.2794816855422916, 0.3602591572288542, 0.654892357922661
0.2701152943577185, 0.36494235282114074, 0.6653606774818897
0.26078971533516987, 0.3696051423324151, 0.6758494031221304
0.25150494847464533, 0.37424752576267734, 0.6863585348433834
0.24226099377614524, 0.3788695031119274, 0.6968880726456483
0.2330578512396694, 0.3834710743801653, 0.7074380165289256
0.22389552086521777, 0.38805223956739116, 0.718008366493215
0.2147740026527905, 0.3926129986736048, 0.7285991225385164
0.20569329660238742, 0.39715335169880633, 0.7392102846648302
0.19665340271400872, 0.40167329864299567, 0.7498418528721559
0.18765432098765433, 0.40617283950617283, 0.7604938271604937
0.1786960514233241, 0.410651974288338, 0.7711662075298439
0.16977859402101825, 0.4151107029894909, 0.7818589939802061
0.16090194878073658, 0.4195490256096317, 0.7925721865115805
0.1520661157024793, 0.42396694214876035, 0.8033057851239669
0.1432710947862462, 0.4283644526068769, 0.8140597898173656
0.13451688603203749, 0.43274155698398126, 0.8248342005917764
0.12580348943985306, 0.4370982552800735, 0.8356290174471992
0.11713090500969282, 0.4414345474951536, 0.8464442403836344
0.10849913274155695, 0.4457504336292215, 0.8572798694010816
0.09990817263544527, 0.45004591368227737, 0.8681359044995409
0.09135802469135798, 0.454320987654321, 0.8790123456790124
0.08284868890929487, 0.45857565554535257, 0.8899091929394961
0.07438016528925613, 0.46280991735537197, 0.9008264462809918
0.06595245383124168, 0.46702377308437915, 0.9117641057034995
0.057565554535251424, 0.4712172227323743, 0.9227221712070197
0.04921946740128554, 0.4753902662993572, 0.933700642791552
0.040914192429343854, 0.4795429037853281, 0.9446995204570964
0.03264972961942653, 0.4836751351902867, 0.9557188042036526
0.024426078971533496, 0.48778696051423326, 0.9667584940312214
0.01624324048566466, 0.4918783797571677, 0.9778185899398022
0.008101214161820185, 0.49594939291908985, 0.988899091929395
0.0, 0.5, 1.0

